80
김철수 1 01012345678 1 1 1 A 1
김나은 2 01011112222 1 1 1 B 3
김가은 2 01071112222 1 1 1 E 5
김경은 1 01061112222 1 1 1 D 2
김창은 2 01051112222 1 1 2 A 2
김청은 2 01041112222 1 1 2 E 5
김정은 1 01031112222 1 1 2 B 4
김마은 2 01021112222 1 1 2 E 5
김이은 2 01001112222 1 1 2 D 3
정철남 1 01011119999 1 1 3 C 4
김이은 1 01012345678 1 2 1 A 1
김마은 1 01012345678 1 2 1 A 5
김정은 1 01012345678 1 2 1 E 1
김청은 1 01012345678 1 2 2 A 1
김경은 1 01012345678 1 2 2 A 5
김나은 2 01012345678 1 2 2 E 1
정나은 2 01012345678 1 2 2 C 1
손나은 2 01012345678 1 2 3 C 4
이나은 2 01012345678 1 2 3 D 2
박나은 2 01012345678 1 2 3 E 5	
김이은 1 01012345678 2 4 1 A 1
김마은 1 01012345678 2 4 1 A 5
김정은 1 01012345678 2 4 1 E 1
김청은 1 01012345678 2 4 2 A 1
김경은 1 01012345678 2 4 2 A 5
김나은 2 01012345678 2 4 2 E 1
정나은 2 01012345678 2 4 2 C 1
손나은 2 01012345678 2 4 3 C 4
이나은 2 01012345678 2 4 3 D 2
박나은 2 01012345678 2 4 3 E 5
김철수 1 01012345678 2 3 1 A 1
김나은 2 01011112222 2 3 1 B 3
김가은 2 01071112222 2 3 1 E 5
김경은 1 01061112222 2 3 1 D 2
김창은 2 01051112222 2 3 2 A 2
김청은 2 01041112222 2 3 2 E 5
김정은 1 01031112222 2 3 2 B 4
김마은 2 01021112222 2 3 2 E 1
김이은 2 01001112222 2 3 2 D 3
박나은 2 01012345678 2 3 3 E 5
김이은 1 01012345678 3 5 1 A 1
김마은 1 01012345678 3 5 1 A 5
김정은 1 01012345678 3 5 1 E 1
김청은 1 01012345678 3 5 2 A 1
김경은 1 01012345678 3 5 2 A 5
김나은 2 01012345678 3 5 2 E 1
정나은 2 01012345678 3 5 2 C 1
손나은 2 01012345678 3 5 3 C 4
이나은 2 01012345678 3 5 3 D 2
박나은 2 01012345678 3 5 3 E 5
김철수 1 01012345678 3 6 1 A 5
김철수 1 01012345678 3 6 1 A 1
김나은 2 01011112222 3 6 1 B 3
김가은 2 01071112222 3 6 1 E 5
김경은 1 01061112222 3 6 1 D 2
김창은 2 01051112222 3 6 2 A 2
김청은 2 01041112222 3 6 2 E 5
김정은 1 01031112222 3 6 2 B 4
김마은 2 01021112222 3 6 2 E 1
김이은 2 01001112222 3 6 2 D 3
김이은 1 01012345678 4 7 1 A 1
김마은 1 01012345678 4 7 1 A 5
김정은 1 01012345678 4 7 1 E 1
김청은 1 01012345678 4 7 2 A 1
김경은 1 01012345678 4 7 2 A 5
김나은 2 01012345678 4 7 2 E 1
정나은 2 01012345678 4 7 2 C 1
손나은 2 01012345678 4 7 3 C 4
이나은 2 01012345678 4 7 3 D 2
박나은 2 01012345678 4 7 3 E 5
이상철 1 01012345678 4 8 1 A 1
이마은 1 01012345678 4 8 1 A 5
이정은 1 01012345678 4 8 1 E 1
이청은 1 01012345678 4 8 2 A 1
이경은 1 01012345678 4 8 2 A 5
이나은 2 01012345678 4 8 2 E 1
송나은 2 01012345678 4 8 2 C 1
백나은 2 01012345678 4 8 3 C 4
김나은 2 01012345678 4 8 3 D 2
박나은 2 01012345678 4 8 3 E 5
80
김철수 1 01012345678 1 1 1 B 1
김나은 2 01011112222 1 1 1 A 3
김가은 2 01071112222 1 1 1 E 5
김경은 1 01061112222 1 1 1 A 2
김창은 2 01051112222 1 1 2 E 2
김청은 2 01041112222 1 1 2 D 5
김정은 1 01031112222 1 1 2 B 4
김마은 2 01021112222 1 1 2 C 1
김이은 2 01001112222 1 1 2 D 3
정철남 1 01011119999 1 1 3 C 4
김이은 1 01012345678 1 2 1 D 1
김마은 1 01012345678 1 2 1 A 5
김정은 1 01012345678 1 2 1 E 3
김청은 1 01012345678 1 2 2 A 1
김경은 1 01012345678 1 2 2 A 5
김나은 2 01012345678 1 2 2 E 1
정나은 2 01012345678 1 2 2 C 1
손나은 2 01012345678 1 2 3 C 1
이나은 2 01012345678 1 2 3 D 2
박나은 2 01012345678 1 2 3 E 4
김이은 1 01012345678 2 4 1 A 1
김마은 1 01012345678 2 4 1 A 5
김정은 1 01012345678 2 4 1 E 1
김청은 1 01012345678 2 4 2 A 1
김경은 1 01012345678 2 4 2 A 5
김나은 2 01012345678 2 4 2 E 1
정나은 2 01012345678 2 4 2 C 1
손나은 2 01012345678 2 4 3 C 4
이나은 2 01012345678 2 4 3 D 2
박나은 2 01012345678 2 4 3 E 5
김철수 1 01012345678 2 3 1 A 1
김나은 2 01011112222 2 3 1 B 3
김가은 2 01071112222 2 3 1 C 5
김경은 1 01061112222 2 3 1 D 1
김창은 2 01051112222 2 3 2 A 2
김청은 2 01041112222 2 3 2 E 5
김정은 1 01031112222 2 3 2 B 4
김마은 2 01021112222 2 3 2 E 1
김이은 2 01001112222 2 3 2 D 3
박나은 2 01012345678 2 3 3 E 5
김이은 1 01012345678 3 5 1 A 1
김마은 1 01012345678 3 5 1 A 5
김정은 1 01012345678 3 5 1 E 1
김청은 1 01012345678 3 5 2 A 1
김경은 1 01012345678 3 5 2 A 5
김나은 2 01012345678 3 5 2 E 1
정나은 2 01012345678 3 5 2 C 1
손나은 2 01012345678 3 5 3 C 4
이나은 2 01012345678 3 5 3 D 2
박나은 2 01012345678 3 5 3 E 5
김철수 1 01012345678 3 6 1 B 5
김철수 1 01012345678 3 6 1 B 1
김나은 2 01011112222 3 6 1 C 3
김가은 2 01071112222 3 6 1 E 5
김경은 1 01061112222 3 6 1 D 2
김창은 2 01051112222 3 6 2 A 2
김청은 2 01041112222 3 6 2 E 5
김정은 1 01031112222 3 6 2 B 4
김마은 2 01021112222 3 6 2 E 1
김이은 2 01001112222 3 6 2 D 3
김이은 1 01012345678 4 7 1 C 1
김마은 1 01012345678 4 7 1 A 5
김정은 1 01012345678 4 7 1 E 1
김청은 1 01012345678 4 7 2 E 1
김경은 1 01012345678 4 7 2 E 5
김나은 2 01012345678 4 7 2 B 1
정나은 2 01012345678 4 7 2 C 3
손나은 2 01012345678 4 7 3 C 4
이나은 2 01012345678 4 7 3 D 2
박나은 2 01012345678 4 7 3 E 5
이상철 1 01012345678 4 8 1 A 1
이마은 1 01012345678 4 8 1 A 5
이정은 1 01012345678 4 8 1 E 1
이청은 1 01012345678 4 8 2 A 1
이경은 1 01012345678 4 8 2 A 5
이나은 2 01012345678 4 8 2 E 1
송나은 2 01012345678 4 8 2 C 1
백나은 2 01012345678 4 8 3 C 4
김나은 2 01012345678 4 8 3 D 2
박나은 2 01012345678 4 8 3 E 5
80
김철수 1 01012345678 1 1 1 A 1
김나은 2 01011112222 1 1 1 A 1
김가은 2 01071112222 1 1 1 E 5
김경은 1 01061112222 1 1 1 A 2
김창은 2 01051112222 1 1 2 E 2
김청은 2 01041112222 1 1 2 D 5
김정은 1 01031112222 1 1 2 B 4
김마은 2 01021112222 1 1 2 C 1
김이은 2 01001112222 1 1 2 D 3
정철남 1 01011119999 1 1 3 C 4
김이은 1 01012345678 1 2 1 D 1
김마은 1 01012345678 1 2 1 A 5
김정은 1 01012345678 1 2 1 E 3
김청은 1 01012345678 1 2 2 A 1
김경은 1 01012345678 1 2 2 A 5
김나은 2 01012345678 1 2 2 E 1
정나은 2 01012345678 1 2 2 C 1
손나은 2 01012345678 1 2 3 C 1
이나은 2 01012345678 1 2 3 D 2
박나은 2 01012345678 1 2 3 E 4
김이은 1 01012345678 2 4 1 A 1
김마은 1 01012345678 2 4 1 A 5
김정은 1 01012345678 2 4 1 E 1
김청은 1 01012345678 2 4 2 A 1
김경은 1 01012345678 2 4 2 A 5
김나은 2 01012345678 2 4 2 E 1
정나은 2 01012345678 2 4 2 C 1
손나은 2 01012345678 2 4 3 C 4
이나은 2 01012345678 2 4 3 D 2
박나은 2 01012345678 2 4 3 E 5
김철수 1 01012345678 2 3 1 A 1
김나은 2 01011112222 2 3 1 B 3
김가은 2 01071112222 2 3 1 C 5
김경은 1 01061112222 2 3 1 D 1
김창은 2 01051112222 2 3 2 A 2
김청은 2 01041112222 2 3 2 E 5
김정은 1 01031112222 2 3 2 B 4
김마은 2 01021112222 2 3 2 E 1
김이은 2 01001112222 2 3 2 D 3
박나은 2 01012345678 2 3 3 E 5
김이은 1 01012345678 3 5 1 A 1
김마은 1 01012345678 3 5 1 A 5
김정은 1 01012345678 3 5 1 E 1
김청은 1 01012345678 3 5 2 A 1
김경은 1 01012345678 3 5 2 A 5
김나은 2 01012345678 3 5 2 E 1
정나은 2 01012345678 3 5 2 C 1
손나은 2 01012345678 3 5 3 C 4
이나은 2 01012345678 3 5 3 D 2
박나은 2 01012345678 3 5 3 E 5
김철수 1 01012345678 3 6 1 B 5
김철수 1 01012345678 3 6 1 B 1
김나은 2 01011112222 3 6 1 C 3
김가은 2 01071112222 3 6 1 E 5
김경은 1 01061112222 3 6 1 D 2
김창은 2 01051112222 3 6 2 A 2
김청은 2 01041112222 3 6 2 E 5
김정은 1 01031112222 3 6 2 B 4
김마은 2 01021112222 3 6 2 E 1
김이은 2 01001112222 3 6 2 D 3
김이은 1 01012345678 4 7 1 C 1
김마은 1 01012345678 4 7 1 A 5
김정은 1 01012345678 4 7 1 E 1
김청은 1 01012345678 4 7 2 E 1
김경은 1 01012345678 4 7 2 E 5
김나은 2 01012345678 4 7 2 B 1
정나은 2 01012345678 4 7 2 C 3
손나은 2 01012345678 4 7 3 C 4
이나은 2 01012345678 4 7 3 D 2
박나은 2 01012345678 4 7 3 E 5
이상철 1 01012345678 4 8 1 A 1
이마은 1 01012345678 4 8 1 A 5
이정은 1 01012345678 4 8 1 E 1
이청은 1 01012345678 4 8 2 A 1
이경은 1 01012345678 4 8 2 A 5
이나은 2 01012345678 4 8 2 E 1
송나은 2 01012345678 4 8 2 C 1
백나은 2 01012345678 4 8 3 C 4
김나은 2 01012345678 4 8 3 D 2
박나은 2 01012345678 4 8 3 E 5
80
김철수 1 01012345678 1 1 1 E 1
김나은 2 01011112222 1 1 1 A 3
김가은 2 01071112222 1 1 1 E 5
김경은 1 01061112222 1 1 1 A 1
김창은 2 01051112222 1 1 2 E 2
김청은 2 01041112222 1 1 2 D 5
김정은 1 01031112222 1 1 2 B 4
김마은 2 01021112222 1 1 2 C 1
김이은 2 01001112222 1 1 2 D 3
정철남 1 01011119999 1 1 3 C 4
김이은 1 01012345678 1 2 1 B 1
김마은 1 01012345678 1 2 1 A 5
김정은 1 01012345678 1 2 1 E 3
김청은 1 01012345678 1 2 2 A 2
김경은 1 01012345678 1 2 2 A 5
김나은 2 01012345678 1 2 2 E 1
정나은 2 01012345678 1 2 2 C 1
손나은 2 01012345678 1 2 3 C 1
이나은 2 01012345678 1 2 3 D 2
박나은 2 01012345678 1 2 3 E 4
김이은 1 01012345678 2 4 1 A 1
김마은 1 01012345678 2 4 1 A 5
김정은 1 01012345678 2 4 1 E 1
김청은 1 01012345678 2 4 2 A 1
김경은 1 01012345678 2 4 2 A 5
김나은 2 01012345678 2 4 2 E 1
정나은 2 01012345678 2 4 2 C 1
손나은 2 01012345678 2 4 3 C 4
이나은 2 01012345678 2 4 3 D 2
박나은 2 01012345678 2 4 3 E 5
김철수 1 01012345678 2 3 1 B 1
김나은 2 01011112222 2 3 1 B 3
김가은 2 01071112222 2 3 1 C 5
김경은 1 01061112222 2 3 1 D 1
김창은 2 01051112222 2 3 2 B 2
김청은 2 01041112222 2 3 2 E 5
김정은 1 01031112222 2 3 2 B 4
김마은 2 01021112222 2 3 2 E 1
김이은 2 01001112222 2 3 2 D 3
박나은 2 01012345678 2 3 3 E 5
김이은 1 01012345678 3 5 1 A 1
김마은 1 01012345678 3 5 1 A 5
김정은 1 01012345678 3 5 1 C 1
김청은 1 01012345678 3 5 2 C 1
김경은 1 01012345678 3 5 2 C 5
김나은 2 01012345678 3 5 2 E 1
정나은 2 01012345678 3 5 2 A 1
손나은 2 01012345678 3 5 3 C 4
이나은 2 01012345678 3 5 3 D 2
박나은 2 01012345678 3 5 3 E 5
김철수 1 01012345678 3 6 1 B 5
김철수 1 01012345678 3 6 1 B 1
김나은 2 01011112222 3 6 1 C 3
김가은 2 01071112222 3 6 1 E 5
김경은 1 01061112222 3 6 1 D 2
김창은 2 01051112222 3 6 2 A 2
김청은 2 01041112222 3 6 2 E 5
김정은 1 01031112222 3 6 2 B 4
김마은 2 01021112222 3 6 2 E 1
김이은 2 01001112222 3 6 2 D 3
김이은 1 01012345678 4 7 1 C 1
김마은 1 01012345678 4 7 1 C 5
김정은 1 01012345678 4 7 1 E 1
김청은 1 01012345678 4 7 2 E 1
김경은 1 01012345678 4 7 2 E 5
김나은 2 01012345678 4 7 2 B 1
정나은 2 01012345678 4 7 2 C 3
손나은 2 01012345678 4 7 3 C 4
이나은 2 01012345678 4 7 3 D 2
박나은 2 01012345678 4 7 3 E 5
이상철 1 01012345678 4 8 1 A 1
이마은 1 01012345678 4 8 1 A 5
이정은 1 01012345678 4 8 1 E 1
이청은 1 01012345678 4 8 2 A 1
이경은 1 01012345678 4 8 2 A 5
이나은 2 01012345678 4 8 2 E 1
송나은 2 01012345678 4 8 2 C 1
백나은 2 01012345678 4 8 3 C 4
김나은 2 01012345678 4 8 3 D 2
박나은 2 01012345678 4 8 3 E 5
80
김철수 1 01012345678 1 1 1 E 1
김나은 2 01011112222 1 1 1 A 3
김가은 2 01071112222 1 1 1 E 5
김경은 1 01061112222 1 1 1 A 1	
김창은 2 01051112222 1 1 2 E 2
김청은 2 01041112222 1 1 2 D 5
김정은 1 01031112222 1 1 2 B 4
김마은 2 01021112222 1 1 2 C 1
김이은 2 01001112222 1 1 2 D 3
정철남 1 01011119999 1 1 3 C 4
김이은 1 01012345678 1 2 1 B 1
김마은 1 01012345678 1 2 1 A 5
김정은 1 01012345678 1 2 1 E 3
김청은 1 01012345678 1 2 2 A 2
김경은 1 01012345678 1 2 2 A 5
김나은 2 01012345678 1 2 2 E 1
정나은 2 01012345678 1 2 2 C 1
손나은 2 01012345678 1 2 3 C 1
이나은 2 01012345678 1 2 3 D 2
박나은 2 01012345678 1 2 3 E 4
김이은 1 01012345678 2 4 1 A 1
김마은 1 01012345678 2 4 1 A 5
김정은 1 01012345678 2 4 1 E 1
김청은 1 01012345678 2 4 2 A 1
김경은 1 01012345678 2 4 2 A 5
김나은 2 01012345678 2 4 2 E 1
정나은 2 01012345678 2 4 2 C 1
손나은 2 01012345678 2 4 3 C 4
이나은 2 01012345678 2 4 3 D 2
박나은 2 01012345678 2 4 3 E 5
김철수 1 01012345678 2 3 1 B 1
김나은 2 01011112222 2 3 1 B 3
김가은 2 01071112222 2 3 1 C 5
김경은 1 01061112222 2 3 1 D 1
김창은 2 01051112222 2 3 2 B 2
김청은 2 01041112222 2 3 2 E 5
김정은 1 01031112222 2 3 2 B 4
김마은 2 01021112222 2 3 2 E 1
김이은 2 01001112222 2 3 2 D 3
박나은 2 01012345678 2 3 3 E 5
김이은 1 01012345678 3 5 1 A 1
김마은 1 01012345678 3 5 1 A 5
김정은 1 01012345678 3 5 1 C 1
김청은 1 01012345678 3 5 2 C 1
김경은 1 01012345678 3 5 2 C 5
김나은 2 01012345678 3 5 2 E 1
정나은 2 01012345678 3 5 2 A 1
손나은 2 01012345678 3 5 3 C 4
이나은 2 01012345678 3 5 3 D 2
박나은 2 01012345678 3 5 3 E 5
김철수 1 01012345678 3 6 1 B 5
김철수 1 01012345678 3 6 1 B 1
김나은 2 01011112222 3 6 1 C 3
김가은 2 01071112222 3 6 1 E 5
김경은 1 01061112222 3 6 1 D 2
김창은 2 01051112222 3 6 2 A 2
김청은 2 01041112222 3 6 2 E 5
김정은 1 01031112222 3 6 2 B 4
김마은 2 01021112222 3 6 2 E 1
김이은 2 01001112222 3 6 2 D 3
김이은 1 01012345678 4 7 1 C 1
김마은 1 01012345678 4 7 1 C 5
김정은 1 01012345678 4 7 1 E 1
김청은 1 01012345678 4 7 2 E 1
김경은 1 01012345678 4 7 2 E 5
김나은 2 01012345678 4 7 2 B 1
정나은 2 01012345678 4 7 2 C 3
손나은 2 01012345678 4 7 3 C 4
이나은 2 01012345678 4 7 3 D 2
박나은 2 01012345678 4 7 3 E 5
이상철 1 01012345678 4 8 1 A 1
이마은 1 01012345678 4 8 1 A 5
이정은 1 01012345678 4 8 1 E 1
이청은 1 01012345678 4 8 2 A 1
이경은 1 01012345678 4 8 2 A 5
이나은 2 01012345678 4 8 2 E 1
송나은 2 01012345678 4 8 2 C 1
백나은 2 01012345678 4 8 3 C 4
김나은 2 01012345678 4 8 3 D 2
박나은 2 01012345678 4 8 3 E 5
80
김철수 1 01012345678 1 1 1 D 1
김나은 2 01011112222 1 1 1 A 3
김가은 2 01071112222 1 1 1 E 5
김경은 1 01061112222 1 1 1 A 1
김창은 2 01051112222 1 1 2 C 2
김청은 2 01041112222 1 1 2 D 5
김정은 1 01031112222 1 1 2 B 4
김마은 2 01021112222 1 1 2 A 1
김이은 2 01001112222 1 1 2 D 3
정철남 1 01011119999 1 1 3 C 4
김이은 1 01012345678 1 2 1 A 1
김마은 1 01012345678 1 2 1 B 5
김정은 1 01012345678 1 2 1 E 3
김청은 1 01012345678 1 2 2 C 2
김경은 1 01012345678 1 2 2 C 5
김나은 2 01012345678 1 2 2 E 1
정나은 2 01012345678 1 2 2 E 3
손나은 2 01012345678 1 2 3 C 1
이나은 2 01012345678 1 2 3 D 2
박나은 2 01012345678 1 2 3 E 4
김이은 1 01012345678 2 4 1 B 1
김마은 1 01012345678 2 4 1 B 5
김정은 1 01012345678 2 4 1 E 1
김청은 1 01012345678 2 4 2 D 4
김경은 1 01012345678 2 4 2 A 3
김나은 2 01012345678 2 4 2 E 3
정나은 2 01012345678 2 4 2 C 1
손나은 2 01012345678 2 4 3 C 4
이나은 2 01012345678 2 4 3 D 2
박나은 2 01012345678 2 4 3 E 5
김철수 1 01012345678 2 3 1 B 1
김나은 2 01011112222 2 3 1 B 3
김가은 2 01071112222 2 3 1 C 5
김경은 1 01061112222 2 3 1 D 1
김창은 2 01051112222 2 3 2 B 2
김청은 2 01041112222 2 3 2 E 5
김정은 1 01031112222 2 3 2 B 4
김마은 2 01021112222 2 3 2 E 1
김이은 2 01001112222 2 3 2 D 3
박나은 2 01012345678 2 3 3 E 5
김이은 1 01012345678 3 5 1 A 1
김마은 1 01012345678 3 5 1 A 5
김정은 1 01012345678 3 5 1 C 1
김청은 1 01012345678 3 5 2 C 1
김경은 1 01012345678 3 5 2 C 5
김나은 2 01012345678 3 5 2 E 1
정나은 2 01012345678 3 5 2 A 1
손나은 2 01012345678 3 5 3 C 4
이나은 2 01012345678 3 5 3 D 2
박나은 2 01012345678 3 5 3 E 5
김철수 1 01012345678 3 6 1 A 5
김철수 1 01012345678 3 6 1 B 1
김나은 2 01011112222 3 6 1 C 3
김가은 2 01071112222 3 6 1 E 5
김경은 1 01061112222 3 6 1 D 2
김창은 2 01051112222 3 6 2 A 2
김청은 2 01041112222 3 6 2 E 5
김정은 1 01031112222 3 6 2 B 4
김마은 2 01021112222 3 6 2 E 1
김이은 2 01001112222 3 6 2 D 3
김이은 1 01012345678 4 7 1 C 1
김마은 1 01012345678 4 7 1 C 5
김정은 1 01012345678 4 7 1 E 1
김청은 1 01012345678 4 7 2 E 1
김경은 1 01012345678 4 7 2 E 5
김나은 2 01012345678 4 7 2 B 1
정나은 2 01012345678 4 7 2 C 3
손나은 2 01012345678 4 7 3 C 4
이나은 2 01012345678 4 7 3 D 2
박나은 2 01012345678 4 7 3 E 5
이상철 1 01012345678 4 8 1 B 1
이마은 1 01012345678 4 8 1 A 5
이정은 1 01012345678 4 8 1 E 1
이청은 1 01012345678 4 8 2 C 1
이경은 1 01012345678 4 8 2 C 5
이나은 2 01012345678 4 8 2 A 1
송나은 2 01012345678 4 8 2 D 4
백나은 2 01012345678 4 8 3 B 4
김나은 2 01012345678 4 8 3 D 2
박나은 2 01012345678 4 8 3 E 5